1.  1.430000     -0.152200     0.023165
2.  1.520000     -0.062200     0.003869
3.  1.570000     -0.012200     0.000149
4.  1.590000     0.007800     0.000061
5.  1.570000     -0.012200     0.000149
6.  1.550000     -0.032200     0.001037
7.  1.610000     0.027800     0.000773
8.  1.560000     -0.022200     0.000493
9.  1.620000     0.037800     0.001429
10.  1.660000     0.077800     0.006053
11.  1.460000     -0.122200     0.014933
12.  1.660000     0.077800     0.006053
13.  1.530000     -0.052200     0.002725
14.  1.630000     0.047800     0.002285
15.  1.530000     -0.052200     0.002725
16.  1.560000     -0.022200     0.000493
17.  1.570000     -0.012200     0.000149
18.  1.660000     0.077800     0.006053
19.  1.660000     0.077800     0.006053
20.  1.660000     0.077800     0.006053
21.  1.560000     -0.022200     0.000493
22.  1.520000     -0.062200     0.003869
23.  1.560000     -0.022200     0.000493
24.  1.590000     0.007800     0.000061
25.  1.570000     -0.012200     0.000149
26.  1.580000     -0.002200     0.000005
27.  1.600000     0.017800     0.000317
28.  1.540000     -0.042200     0.001781
29.  1.550000     -0.032200     0.001037
30.  1.710000     0.127800     0.016333
31.  1.620000     0.037800     0.001429
32.  1.510000     -0.072200     0.005213
33.  1.560000     -0.022200     0.000493
34.  1.630000     0.047800     0.002285
35.  1.590000     0.007800     0.000061
36.  1.590000     0.007800     0.000061
37.  1.600000     0.017800     0.000317
38.  1.570000     -0.012200     0.000149
39.  1.660000     0.077800     0.006053
40.  1.620000     0.037800     0.001429
41.  1.530000     -0.052200     0.002725
42.  1.590000     0.007800     0.000061
43.  1.520000     -0.062200     0.003869
44.  1.600000     0.017800     0.000317
45.  1.470000     -0.112200     0.012589
46.  1.630000     0.047800     0.002285
47.  1.590000     0.007800     0.000061
48.  1.660000     0.077800     0.006053
49.  1.630000     0.047800     0.002285
50.  1.560000     -0.022200     0.000493

1.582200 - среднее значение T
